date,new_cases,deaths_today,cured_today,cases_total,cases_belonging_punjab,cases_belonging_other_states,under_treatment_total,under_treatment_belonging_punjab,under_treatment_beloging_other_states,cured_total,cured_total_belonging_punjab,cured_total_belonging_other_states,deaths_total,deaths_total_belonging_punjab,deaths_total_belonging_other_states,lama,lama_belonging_punjab,lama_belonging_other_states
2021-07-25,2,0,1,659,589,70,327,294,33,204,181,23,51,45,6,8,69,8
2021-07-24,0,0,0,657,587,70,326,292,34,203,181,22,51,45,6,8,69,8
2021-07-23,0,0,0,657,587,70,326,292,34,203,181,22,51,45,6,8,69,8
2021-07-22,3,0,1,657,587,70,327,293,34,203,181,22,51,45,6,8,68,8
2021-07-21,0,0,1,654,584,70,325,291,34,202,180,22,51,45,6,68,68,
2021-07-20,0,0,2,654,584,70,326,292,34,201,179,22,51,45,6,8,68,8
2021-07-19,3,0,3,654,584,70,328,294,34,199,177,22,51,45,6,8,68,8
2021-07-18,1,0,0,651,582,69,327,294,33,196,174,22,51,45,6,8,69,8
2021-07-17,2,0,1,650,581,69,326,293,33,196,174,22,51,45,6,8,69,8
2021-07-16,4,0,0,648,579,69,326,293,33,195,173,22,51,45,6,8,68,8
2021-07-15,3,0,1,644,575,69,321,288,33,195,173,22,51,45,6,8,69,8
2021-07-14,6,0,8,641,572,69,319,285,34,194,172,22,51,45,6,7,70,7
2021-07-13,3,0,10,635,566,69,321,287,34,186,165,21,51,45,6,8,69,8
2021-07-11,3,0,1,633,565,68,341,305,36,157,140,17,51,45,6,9,75,9
2021-07-10,2,0,0,630,563,67,341,306,35,156,139,17,51,45,6,9,73,9
2021-07-09,6,0,2,628,561,67,339,304,35,156,139,17,51,45,6,9,73,9
2021-07-08,1,0,5,623,556,67,337,302,35,154,137,17,51,45,6,9,72,9
2021-07-07,7,0,2,622,555,67,342,307,35,149,132,17,51,45,6,9,71,9
2021-07-06,6,0,0,616,549,67,341,305,36,147,130,17,51,45,6,8,69,8
2021-07-05,5,0,0,610,544,66,336,301,35,148,131,17,51,45,6,8,67,8
2021-07-04,6,0,9,605,539,66,334,299,35,148,131,17,51,45,6,8,64,8
2021-07-03,2,0,4,599,533,66,337,300,37,139,124,15,51,45,6,8,64,8
2021-07-02,4,0,7,597,532,65,341,305,36,135,120,15,51,45,6,8,62,8
2021-07-01,6,0,4,593,528,65,349,312,37,128,114,14,51,45,6,8,57,8
2021-06-30,9,0,2,587,523,64,352,315,37,124,111,13,51,45,6,8,52,8
2021-06-29,7,0,0,578,515,63,345,308,37,122,110,12,51,45,6,8,52,8
2021-06-28,8,0,2,571,509,62,338,302,36,122,110,12,51,45,6,8,52,8
2021-06-27,6,0,15,567,506,61,339,303,36,120,109,11,51,45,6,8,49,8
2021-06-26,7,0,1,561,501,60,351,314,37,105,96,9,51,45,6,8,46,8
2021-06-25,2,0,4,549,489,60,347,309,38,100,91,9,51,45,6,7,44,7
2021-06-24,2,0,4,549,489,60,347,309,38,100,91,9,51,45,6,7,44,7
2021-06-23,12,0,1,547,487,60,349,311,38,96,87,9,51,45,6,7,44,7
2021-06-22,10,0,2,535,475,60,340,302,38,95,86,9,51,45,6,7,42,7
2021-06-21,12,0,5,525,465,60,333,295,38,93,84,9,51,45,6,7,41,7
2021-06-20,5,0,1,513,455,58,327,290,37,88,80,8,51,45,6,7,40,7
2021-06-19,13,0,4,508,450,58,323,286,37,87,79,8,51,45,6,7,40,7
2021-06-18,16,0,4,495,437,58,314,277,37,83,75,8,51,45,6,7,40,7
2021-06-17,12,1,4,479,422,57,307,270,37,79,71,8,51,45,6,6,36,6
2021-06-16,16,0,23,467,410,57,303,264,39,75,67,8,50,45,5,5,34,5
2021-06-15,10,0,1,451,397,54,314,270,44,52,51,1,50,45,5,4,31,4
2021-06-14,10,0,2,441,388,53,308,266,42,51,49,2,50,46,4,4,28,4
2021-06-13,12,0,4,431,380,51,301,259,42,49,48,1,50,46,4,4,27,4
2021-06-12,5,0,,419,369,50,293,252,41,45,44,1,50,46,4,4,27,4
2021-06-11,9,1,,414,364,50,288,247,41,46,45,1,50,46,4,4,27,4
2021-06-10,6,0,,405,358,47,287,249,38,40,39,1,49,45,4,4,25,4
2021-06-09,8,0,,399,353,46,282,245,37,39,38,1,49,45,4,4,25,4
2021-06-08,13,1,,391,342,49,276,237,39,38,37,1,52,47,5,4,21,4
2021-06-07,3,0,,384,336,48,269,231,38,38,37,1,52,47,5,4,21,4
2021-06-06,12,0,,381,334,47,265,229,36,38,37,1,53,47,6,4,21,4
2021-06-04,19,3,,362,316,46,258,223,35,30,29,1,52,46,6,4,18,4
2021-06-03,23,3,,343,297,46,261,223,38,23,22,1,49,43,6,1,9,1
2022-01-03,0,0,0,691,,,0,618,73,480,0,0,119,108,11,5,54,5
2022-01-02,0,0,0,691,,,0,618,73,480,0,0,119,108,11,5,54,5
2022-01-01,0,0,0,691,,,0,618,73,480,0,0,119,108,11,5,54,5
